image: empty_world.png
mode: trinary
resolution: 0.05
origin: [-4.574999801814559, -3.4749999217689043, 0.0000]
negate: 0
occupied_thresh: 0.65
free_thresh: 0.196